# sol sunrise sunset
70 6.889887905146111 18.790502904809046
71 6.887184501774868 18.790502957820763
72 6.884481087639074 18.79050300006861
73 6.881777684396752 18.78915132501777
74 6.877722542069478 18.789151367265617
75 6.875019138891275 18.787799692279236
76 6.870963996564342 18.786448006335604
77 6.868260593192758 18.78644805934732
78 6.864205450865484 18.78509637340369
79 6.861502047623162 18.783744698352848
80 6.857446905166967 18.782393012279954
81 6.853391773732483 18.781041337229112
82 6.849336631405549 18.77968965128548
83 6.846633228033966 18.776986247913896
84 6.842578085706691 18.775634561970264
85 6.837171226145188 18.774282886983883
86 6.833116083818254 18.77293120103991
87 6.829060952254849 18.770227797668326
88 6.825005809927916 18.768876111724694
89 6.820950678493432 18.76617270848203
90 6.815543807974677 18.763469294346578
91 6.811488665647403 18.762117608402605
92 6.806081805892518 18.759414205031362
93 6.802026663565243 18.75671079089591
94 6.79661980400374 18.754007387717706
95 6.792564661612346 18.751303973517793
96 6.787157801921921 18.74860057021067
97 6.781750931531747 18.745897156204137
98 6.776344071776862 18.743193752832553
99 6.772288929449928 18.7404903386971
100 6.766882069823964 18.73778693545478
101 6.761475199175948 18.735083521190063
102 6.756068339549984 18.73238011794774
103 6.750661469031229 18.728324975620467
104 6.745254609340805 18.725621572313344
105 6.73849601075915 18.72156643011533
106 6.733089151004265 18.718863026743747
107 6.72768228048551 18.714807884416473
108 6.722275420859546 18.71210448117381
109 6.716868550340791 18.708049338846877
110 6.710109962394085 18.705345935475293
111 6.704703091875331 18.70129079314802
112 6.697944504122006 18.697235661778336
113 6.692537633538791 18.694532247578422
114 6.685779045656545 18.69047711607982
115 6.680372175137791 18.686421973752545
116 6.673613587191085 18.68236684218914
117 6.66820671667233 18.678311699862206
118 6.661448128854545 18.674256568427722
119 6.654689530143969 18.67020142610079
120 6.6492826705824655 18.666146294730765
121 6.642524071678508 18.66209115221045
122 6.635765483925525 18.658036020840427
123 6.629006885214949 18.653980878513153
124 6.623600025460064 18.64992574695009
125 6.616841426749488 18.645870604622814
126 6.610082838931703 18.64046374499719
127 6.603324240221127 18.636408602669917
128 6.596565652403342 18.632353471235774
129 6.589807053692766 18.62829832890816
130 6.583048465810862 18.622891469218075
131 6.5762898670361665 18.61883632682634
132 6.569531279282501 18.614781195456317
133 6.562772680443004 18.60937432480864
134 6.556014081861349 18.60531918261063
135 6.549255493915325 18.599912322855744
136 6.542496895204749 18.595857180528128
137 6.535738307386964 18.590450320902164
138 6.528979708676388 18.58639517857523
139 6.522221120729682 18.580988318820346
140 6.514110793827285 18.576933176493412
141 6.507352206074302 18.571526316931568
142 6.500593607363726 18.567471174604634
143 6.49383501941702 18.56206431484975
144 6.487076420706444 18.558009172522816
145 6.47896610469752 18.552602312896852
146 6.472207505986944 18.547195442377415
147 6.465448918040238 18.54314031081435
148 6.458690319329662 18.537733440295597
149 6.450580003384857 18.532326580734434
150 6.44382140460948 18.5282714383427
151 6.437062816727575 18.522864578651934
152 6.430304218017 18.51745770813318
153 6.422193902007393 18.513402576699036
154 6.415435303167897 18.50799570605136
155 6.4086767153507935 18.502588846425397
156 6.4005663884483965 18.497181975906642
157 6.393807800694731 18.49312684453662
158 6.387049201920036 18.487719973953062
159 6.380290614038131 18.48231311426298
160 6.3721802870709325 18.476906243679423
161 6.365421699317949 18.4728511123094
162 6.358663100478452 18.467444241661724
163 6.350552784468846 18.46203738203576
164 6.34379418575827 18.456630511517005
165 6.337035597941167 18.45122365189104
166 6.32892527103877 18.447168509564108
167 6.322166683285786 18.441761650002263
168 6.315408084381488 18.43635477929047
169 6.3086494966285045 18.430947919728624
170 6.3005391697261075 18.42689277740169
171 6.2937805817794015 18.421485917646805
172 6.287021983068826 18.41607904712805
173 6.2789116670599014 18.410672187502087
174 6.272153068349326 18.40526531698265
175 6.265394480466739 18.401210185484388
176 6.258635881820965 18.395803315029752
177 6.250525565618318 18.390396455210748
178 6.243766967036663 18.384989584820232
179 6.237008368261286 18.38093444242918
180 6.230249780379381 18.375527582738414
181 6.223491181668805 18.37012071221966
182 6.215380865659199 18.364713852593695
183 6.208622266819702 18.36065871013784
184 6.201863679002599 18.355251850511877
185 6.195105080292024 18.34984497999244
186 6.188346492538358 18.344438120431278
187 6.181587893763663 18.340382978039543
188 6.174829305881758 18.33497611834946
189 6.168070707171182 18.329569247830023
190 6.161312119353397 18.32551411639588
191 6.153201792451 18.320107245877125
192 6.146443204504294 18.31470038612224
193 6.139684605793718 18.310645243795307
194 6.132926017975933 18.305238384169343
195 6.126167419265357 18.299831513650588
196 6.120760559575274 18.295776382151644
197 6.114001960993619 18.29036951176181
198 6.107243373046913 18.286314380198746
199 6.100484774336337 18.28090750967931
200 6.093726186518552 18.275500650053345
201 6.086967587679055 18.27144550759749
202 6.080208999861952 18.266038647971527
203 6.073450401151376 18.261983505644594
204 6.068043541589532 18.25657664608275
205 6.061284942878956 18.252521503755816
206 6.05452635493225 18.24711464400093
207 6.047767756221674 18.243059501673997
208 6.042360896466789 18.237652641919112
209 6.035602297756213 18.233597499591497
210 6.02884370993911 18.229542368157354
211 6.023436839419674 18.2241354976386
212 6.01667825147365 18.220080366075535
213 6.009919652763074 18.21467349555678
214 6.004512793201229 18.210618364186757
215 5.997754194490653 18.206563221859142
216 5.9923473347357685 18.20115636210494
217 5.985588736025193 18.197101219777323
218 5.980181876399229 18.19304608834318
219 5.973423277688653 18.188990946016247
220 5.96801641812749 18.183584086454402
221 5.962609547415013 18.179528943933747
222 5.95585095966203 18.175473812564405
223 5.9504440890784736 18.17141867017267
224 5.945037218559719 18.167363527845055
225 5.9396303588696355 18.16195666815497
226 5.932871760287981 18.157901525956277
227 5.927464900533096 18.153846394393213
228 5.922058030013659 18.14979125206628
229 5.916651170387695 18.145736120632137
230 5.911244299740019 18.1416809781756
231 5.905837440114055 18.137625846741457
232 5.900430569595301 18.133570704414524
233 5.895023710034138 18.1295155730445
234 5.8896168395147015 18.125460430717567
235 5.884209979759817 18.121405299154503
236 5.878803109241062 18.117350156826888
237 5.873396249615098 18.113295025392745
238 5.867989379096343 18.10923988306581
239 5.8625825193414585 18.10653647969457
240 5.857175648822704 18.102481337366953
241 5.851768789260859 18.09842620599693
242 5.8477136467408855 18.094371063476956
243 5.842306787179041 18.090315932106932
244 5.836899916660286 18.087612517971138
245 5.8328447850972225 18.083557386408074
246 5.827437914578468 18.07950224408114
247 5.823382783143643 18.075447112646998
248 5.817975912624888 18.072743698511204
249 5.812569053063726 18.06868856714118
250 5.808513910671991 18.064633424750127
251 5.803107050981225 18.061930021443004
252 5.799051908654292 18.05787487911539
253 5.794996777091228 18.055171475744146
254 5.789589906572473 18.051116333417212
255 5.785534775138331 18.04841293017421
256 5.781479632810715 18.044357787847275
257 5.776072773184751 18.040302656413132
258 5.772017630857135 18.037599242277338
259 5.767962499358873 18.034895838970897
260 5.763907356967138 18.030840696579162
261 5.759852225597115 18.02813729340096
262 5.75579708314126 18.024082150945105
263 5.7517419517071176 18.02137874770142
264 5.746335081187681 18.01867533356699
265 5.742279949753538 18.014620202132846
266 5.738224807427287 18.011916787997052
267 5.735521404249084 18.00786165662703
268 5.731466261727746 18.00515824229751
269 5.727411119401495 18.00245482816308
270 5.7233559880314715 17.99975142498488
271 5.7193008456397365 17.995696282593144
272 5.715245714141474 17.99299287928534
273 5.71254230000568 17.99028946515091
274 5.708487168441934 17.987586061778984
275 5.704432026115683 17.98488264764319
276 5.700376894680176 17.980827516209047
277 5.697673480545745 17.978124102073252
278 5.693618349175722 17.97542069889505
279 5.690914934975808 17.972717284695136
280 5.686859803476182 17.970013881388695
281 5.6841563893417515 17.9673104672529
282 5.680101257907609 17.96460706401058
283 5.677397843642211 17.961903649746546
284 5.673342712208068 17.959200246504224
285 5.670639298072274 17.95514510417661
286 5.666584166638131 17.952441700934287
287 5.663880752503701 17.949738286798492
288 5.661177349195896 17.947034883490687
289 5.657122206804161 17.944331469290773
290 5.654418803625958 17.941628066113935
291 5.651715389491528 17.93892465197814
292 5.6490119861196035 17.937572976798037
293 5.644956843791988 17.934869562662243
294 5.642253440549666 17.93216615941992
295 5.639550026413872 17.929462745284127
296 5.6368466232356695 17.926759342105925
297 5.634143209101239 17.924055927971494
298 5.631439805729315 17.92135252459957
299 5.62873639159352 17.918649110463775
300 5.626032988221596 17.91594570709185
301 5.623329574087165 17.91324229295742
302 5.6206261708434795 17.910538889713735
303 5.617922756709049 17.909187203771125
304 5.615219353337125 17.9064838003992
305 5.61251593920133 17.903780386263406
306 5.609812535894889 17.901076982956965
307 5.607109121888698 17.89837356894941
308 5.604405718516773 17.89567016557885
309 5.6030540325728 17.892966751443055
310 5.600350629330478 17.891615076392554
311 5.597647215194684 17.88891166225676
312 5.594943811822759 17.886208258884835
313 5.593592125878786 17.88350484474904
314 5.5908887117443555 17.88080143061461
315 5.588185308566153 17.87809802743641
316 5.585481894366239 17.876746341428316
317 5.584130219250255 17.87404293812051
318 5.5814268050503415 17.871339523920597
319 5.578723401872139 17.868636120742394
320 5.577371715928166 17.8659327066066
321 5.5746683125576055 17.86322930323604
322 5.573316626613632 17.861877617292066
323 5.570613223371311 17.859174214049744
324 5.569261537427337 17.85647079991395
325 5.566558134249135 17.853767396735748
326 5.563854720113341 17.851063982599953
327 5.562503044933237 17.849712307421214
328 5.559799630798807 17.84700889328542
329 5.558447955746942 17.844305490043098
330 5.555744541482909 17.8416020757777
331 5.5543928664324085 17.83889867253538
332 5.553041180488435 17.836195258399584
333 5.55033777718063 17.833491855093143
334 5.54898609130214 17.83214016921329
335 5.546282687994335 17.82943676590685
336 5.544931002051726 17.826733351771054
337 5.5435793268716225 17.82402994839913
338 5.540875912735828 17.8213265342647
339 5.5395242376853275 17.818623131021013
340 5.536820823549533 17.815919716886583
341 5.535469148563152 17.81321631370838
342 5.534117462425456 17.811864627570685
343 5.531414059247254 17.809161224392483
344 5.530062373303281 17.80645781025669
345 5.5287106981245415 17.803754406886128
346 5.526007283988747 17.801050992750334
347 5.524655608938247 17.798347589508012
348 5.523303922994273 17.795644175372217
349 5.520600519751952 17.792940772129896
350 5.519248833678375 17.790237357865863
351 5.517897158691994 17.78753395468766
352 5.516545472683902 17.784830540487746
353 5.513842069377461 17.78212713717994
354 5.512490383433487 17.779423723044147
355 5.511138708382987 17.776720319801825
356 5.5097870224390135 17.77401690566603
357 5.507083608303219 17.7713134915316
358 5.505731933252719 17.768610088287915
359 5.504380247179142 17.76590667402388
360 5.503028572128642 17.76320327078156
361 5.500325157992847 17.759148128453944
362 5.498973483006466 17.756444725275742
363 5.497621797062493 17.75374131114131
364 5.496270121883754 17.751037907769387
365 5.493566707747959 17.748334493633593
366 5.492215032567856 17.745631090263032
367 5.4908633467534855 17.742927676255476
368 5.489511671573382 17.738872544693095
369 5.486808257437588 17.7361691305573
370 5.4854565824512065 17.733465727379098
371 5.484104896313511 17.73076231304958
372 5.48275322132713 17.726707181680922
373 5.4800498071926995 17.724003767545128
374 5.478698132012596 17.721300364173203
375 5.477346446068623 17.71859695003741
376 5.475994771018122 17.714541818603266
377 5.473291356882328 17.71183840446747
378 5.471939681895947 17.709135001290633
379 5.470587995887854 17.7050798588989
380 5.46923632077187 17.702376455591093
381 5.467884634763777 17.69967304139118
382 5.465181231585575 17.695617910021156
383 5.463829545513363 17.692914495757122
384 5.4624778704628625 17.68885936432298
385 5.461126184518889 17.686155950187185
386 5.4584227812765675 17.683452546944864
387 5.457071095332594 17.679397404617248
388 5.455719420346213 17.676694001439046
389 5.4543677342085175 17.672638858919072
390 5.451664331030315 17.66993545574087
391 5.450312645086342 17.665880313413254
392 5.4489609699062385 17.663176910042694
393 5.447609283963629 17.659121767715078
394 5.4449058807199435 17.656418364472756
395 5.4435541947773345 17.65236322214514
396 5.442202519597231 17.64965981877458
397 5.4408508337814965 17.645604676575203
398 5.4381474303454524 17.64154954494734
399 5.436795744531082 17.638846130941147
400 5.435444069350979 17.634790999378765
401 5.434092383407005 17.63208758524297
402 5.431388969272575 17.628032442915355
403 5.430037294092472 17.623977311352974
404 5.428685608148498 17.62127389721718
405 5.427333933097998 17.617218765783036
406 5.4246305189622035 17.61316362345542
407 5.423278843975822 17.61046022027722
408 5.42192715796773 17.606405077885483
409 5.420575482851746 17.60234994638722
410 5.417872068717315 17.599646532251427
411 5.416520393665451 17.595591400817284
412 5.415168707593239 17.59153625836143
413 5.413817032542738 17.588832855119108
414 5.411113618406944 17.584777712791492
415 5.409761943356443 17.58072258135735
416 5.40841025741247 17.576667439029734
417 5.407058582296486 17.573964035723293
418 5.404355168096572 17.569908893331558
419 5.403003493110191 17.565853761961534
420 5.401651807166218 17.56179861963392
421 5.400300131987478 17.55909521626336
422 5.397596717851684 17.555040073935743
423 5.396245042799819 17.5509849425016
424 5.39489335685721 17.546929800173984
425 5.393541681870829 17.54287466880396
426 5.392189995861372 17.540171254604047
427 5.390838320617149 17.536116122976182
428 5.388134906610958 17.53206098077817
429 5.386783231430854 17.528005849215788
430 5.385431545488245 17.525302435079993
431 5.384079870436381 17.52124730364585
432 5.382728184492407 17.517192161318235
433 5.381376509313668 17.513137029755853
434 5.378673095177874 17.509081887428238
435 5.3773214201914925 17.506378484250035
436 5.375969734247519 17.50232334192242
437 5.374618059067416 17.498268210360038
438 5.3732663731234425 17.494213068032423
439 5.371914698072942 17.4915096647901
440 5.370563012128969 17.487454522462485
441 5.369211336948865 17.483399390900104
442 5.367859651004892 17.479344248572488
443 5.366507976018511 17.476640845394286
444 5.365156290010418 17.47258570300255
445 5.363804614895798 17.46853057150429
446 5.362452928951825 17.464475429176673
447 5.361101242943732 17.46177201497676
448 5.359749567957351 17.457716883606736
449 5.358397882013378 17.45366174127912
450 5.3570462068332745 17.45095833790856
451 5.355694520889301 17.446903195580944
452 5.354342845838801 17.4428480641468
453 5.354342888086649 17.440144650011007
454 5.3529912131002675 17.436089518640983
455 5.351639527156294 17.433386104506553
456 5.350287851976191 17.429330972942807
457 5.348936166033582 17.426627558807013
458 5.348936219173538 17.42257242737287
459 5.347584533101326 17.419869013108837
460 5.346232858050826 17.415813881674694
461 5.3462329002986735 17.4131104675389
462 5.34488122511857 17.409055335976518
463 5.343529539174597 17.406351921840724
464 5.343529592380037 17.4022967904707
465 5.3421779064360635 17.399593376334906
466 5.342177959447781 17.39688997296298
467 5.340826273503808 17.39283483063673
468 5.340826326645129 17.390131427394408
469 5.339474640701155 17.387428013258614
470 5.339474693906595 17.38337288188859
471 5.339474735960721 17.380669467559073
472 5.33812306097434 17.377966064382235
473 5.338123103222188 17.37526265024644
474 5.338123156233905 17.372559246874516
475 5.338123198481753 17.369855832738722
476 5.336771523431253 17.3671524294964
477 5.336771565679101 17.364449015360606
478 5.336771618820421 17.361745612118284
479 5.336771661068269 17.35904219798249
480 5.336771714144106 17.35633879467605
481 5.336771756327835 17.353635380476135
482 5.336771809533275 17.350931977297932
483 5.336771851781123 17.348228563162138
484 5.33677190479284 17.345525159791578
485 5.338123675232509 17.344173473847604
486 5.33812372837383 17.34147007060392
487 5.338123770621678 17.33876665646949
488 5.338123823697515 17.337414981353504
489 5.339475594073065 17.33471156715359
490 5.339475647148902 17.33335989203897
491 5.3408274175244514 17.330656477839057
492 5.340827459900538 17.329304792023322
493 5.3421792411695606 17.327953116908702
494 5.343531011607865 17.325249702772908
495 5.343531064620947 17.323898027592804
496 5.344882835060616 17.32254634164883
497 5.346234616392394 17.32119466659833
498 5.347586386832063 17.319842980654357
499 5.348938168229324 17.318491305667976
500 5.350289938475271 17.317139619531645
501 5.351641719872532 17.315787944545264
502 5.352993490312201 17.31443625860129
503 5.35434527151574 17.313084583421187
504 5.355697041955409 17.311732897477214
505 5.357048823287187 17.311732950618534
506 5.359752321918677 17.31038126467456
507 5.361104103251819 17.310381317814517
508 5.362455873691488 17.30902963187191
509 5.365159383150967 17.309029684947745
510 5.367862881716974 17.307677998939653
511 5.369214663114235 17.307678052145093
512 5.371918161616122 17.307678094264702
513 5.3746216711424495 17.30767814740466
514 5.377325169771211 17.307678189652506
515 5.3800286792975385 17.307678242792463
516 5.382732177929029 17.30767828504031
517 5.385435687515383 17.30767833824575
518 5.3881391859531504 17.307678380299876
519 5.390842695542233 17.307678433505316
520 5.3948979223669085 17.30903020394635
521 5.3976014317622685 17.309030256958067
522 5.400304930393759 17.310382027396372
523 5.404360168107814 17.310382080539057
524 5.408415394801523 17.311733850849123
525 5.41111890432785 17.313085632182265
526 5.415174131149797 17.31443740262057
527 5.419229368801098 17.315789183888228
528 5.423284595754012 17.3171409544575
529 5.427339833339829 17.318492735659675
530 5.431395060161776 17.319844506100708
531 5.43545029787856 17.32119628743385
532 5.440857252893693 17.32389978606534
533 5.44491249047951 17.325251567267514
534 5.4489677173041855 17.327955065899005
535 5.45437468327691 17.3293068472949
536 5.459781638289314 17.332010345926392
537 5.463836865048506 17.334713844495127
538 5.469243830892992 17.337417353953242
539 5.474650785842641 17.340120852521977
540 5.480057751815366 17.34282436210833
541 5.48546470682777 17.34552786073982
542 5.490871672606772 17.349583098328367
543 5.496278627621905 17.352286596959857
544 5.503037321722331 17.354990106483456
545 5.508444276737464 17.359045333305403
546 5.515202970900646 17.36310057108767
547 5.520609925722056 17.367155797715895
548 5.527368619885237 17.369859307304978
549 5.534127303090827 17.373914534126925
550 5.540885997063015 17.379321499905927
551 5.547644680268604 17.383376726730603
552 5.554403374366302 17.38743196444466
553 5.56116205757462 17.391487191269334
554 5.567920751544079 17.396894157048337
555 5.574679434880636 17.400949383998523
556 5.582789856977797 17.40635634971204
557 5.589548540311625 17.411763304855413
558 5.59765896247427 17.417170270634415
559 5.605769373873045 17.422577225649547
560 5.613879796163928 17.42798419155679
561 5.620638479369518 17.43339114657192
562 5.628748901532163 17.438798112350923
563 5.6368593129309374 17.445556795556513
564 5.646321463477761 17.450963761529238
565 5.654431874873808 17.457722444734827
566 5.6625422970364525 17.464481138707015
567 5.672004436625684 17.471239821912604
568 5.680114858916568 17.47799851601303
569 5.689576998508528 17.48475719921862
570 5.6976874207994115 17.49151589331632
571 5.7071495602604045 17.49827457639367
572 5.7166117108072285 17.50503327055958
573 5.726073850330977 17.51314368189287
574 5.735536000749562 17.519902375927813
575 5.744998140338794 17.52801278732386
576 5.754460290822863 17.536123209614743
577 5.765274158602551 17.54288189282306
578 5.77473630908662 17.550992315113945
579 5.784198448675852 17.55910272651272
580 5.795012327284894 17.568564876928576
581 5.804474466811371 17.576675288264596
582 5.815288334593788 17.584785699660642
583 5.826102213331069 17.594247850207466
584 5.8369160810480025 17.602358261540758
585 5.846378231338349 17.611820411831104
586 5.857192099249005 17.619930823358118
587 5.8680059777925635 17.62939297371122
588 5.878819845574981 17.63885511330045
589 5.8896337242495065 17.64831726378452
590 5.901799320222381 17.657779403373752
591 5.912613198768668 17.667241553726853
592 5.923427066548356 17.676703693318814
593 5.934240945288366 17.686165843865638
594 5.94640654126124 17.696979711645326
595 5.957220419807527 17.706441862001157
596 5.969386015780401 17.717255729780845
597 5.980199894454927 17.726717880264914
598 5.992365490427801 17.737531748044603
599 6.003179369102327 17.74834562671913
600 6.015344964946962 17.75780776618012
601 6.0275105718774284 17.76862164492013
602 6.039676167784819 17.779435512637065
603 6.050490046393861 17.790249391246107
604 6.062655642369464 17.801063259028524
605 6.074821249234446 17.81187713770305
606 6.086986845207321 17.82269100548274
607 6.099152452072303 17.833504884157264
608 6.1099663198547205 17.84567048013014
609 6.122131926656948 17.85648435874191
610 6.134297522564339 17.867298226458843
611 6.146463129494805 17.87946383338931
612 6.158628725467679 17.890277701168998
613 6.1707943322071515 17.901091579715285
614 6.182959928180026 17.91325717568816
615 6.1951255349167695 17.924071054234446
616 6.207291131017882 17.93623665033556
617 6.219456737754626 17.947050528881846
618 6.2316223337275005 17.95921612485472
619 6.243787940529728 17.971381731656948
620 6.2559535366335695 17.982195599567603
621 6.266767415177128 17.994361206304347
622 6.278933011150002 18.00652680227722
623 6.291098618017713 18.017340680951747
624 6.303264213862349 18.029506276796383
625 6.315429809835223 18.041671872769257
626 6.3275954167002055 18.052485751443783
627 6.338409284482623 18.064651347416657
628 6.350574891413089 18.076816954347123
629 6.36274048732048 18.087630822064057
630 6.373554365929522 18.099796428866284
631 6.385719961905124 18.11196202483916
632 6.39653384057965 18.122775903513684
633 6.408699436421557 18.13494149935559
634 6.419513315096083 18.145755378030117
635 6.431678911068957 18.15792097400299
636 6.442492789743483 18.168734852677517
637 6.4533066575259 18.18090044865312
638 6.4654722643281275 18.19306605545262
639 6.476286132045061 18.203879923169552
640 6.487100010782342 18.21469380190956
641 6.497913878564759 18.226859397882436
642 6.508727757111046 18.237673276428723
643 6.519541624890735 18.24848714420841
644 6.530355503565261 18.260652751076123
645 6.5398176431544925 18.27146661885581
646 6.550631521894502 18.28228049759582
647 6.561445389483197 18.293094365184515
648 6.570907539901782 18.303908243793558
649 6.580369679619253 18.314722111704214
650 6.59118355816554 18.3255359902505
651 6.600645697754771 18.33634985803019
652 6.610107848236112 18.347163736704715
653 6.619569987697105 18.357977604358894
654 6.629032138181174 18.367439754840234
655 6.6384942777704055 18.37825362262265
656 6.647956428317229 18.389067501359932
657 6.656066839716004 18.398529640949164
658 6.665528990069106 18.407991791304994
659 6.673639401467881 18.418805659084683
660 6.683101551949221 18.42826780956875
661 6.691211963347996 18.437729949157983
662 6.699322385510641 18.447192099511085
663 6.707432796909416 18.456654239100317
664 6.715543219263054 18.46611638964987
665 6.7236536305963455 18.475578529173617
666 6.731764052824474 18.485040679592203
667 6.738522736030063 18.494502819181434
668 6.746633158320947 18.502613241472318
669 6.753391841526536 18.51207538106155
670 6.761502252925311 18.520185792460325
671 6.76826094689477 18.52829621462297
672 6.775019630103088 18.5377583542122
673 6.781778324200786 18.545868776503085
674 6.788537007409104 18.55397918790186
675 6.7939439733791005 18.562089610255498
676 6.8007026565874185 18.568848293463816
677 6.807461350556878 18.57695871562646
678 6.81286830557201 18.585069127022507
679 6.818275271351013 18.591827820994695
680 6.823682226363417 18.59993823239074
681 6.829089192273386 18.606696926491168
682 6.83449614728579 18.613455609696757
683 6.839903113064793 18.620214303668945
684 6.845310068079925 18.626972986874534
685 6.849365305731226 18.633731680909477
686 6.854772260874597 18.640490364243306
687 6.8588274984631425 18.647249058215493
688 6.86288272528509 18.652656013227897
689 6.866937963001874 18.659414707328324
690 6.870993189823821 18.664821662343456
691 6.875048427412366 18.671580356312916
692 6.879103654234314 18.67698731132805
693 6.881807163823396 18.682394277300773
694 6.885862390645343 18.687801232315906
695 6.888565900040703 18.693208198094908
696 6.891269398672193 18.697263424916855
697 6.8953246363889775 18.702670390824096
698 6.898028135020468 18.70807734583923
699 6.9007316445440665 18.712132583556013
700 6.902083414854133 18.71618781024972
701 6.904786924443215 18.721594776219717
702 6.907490423009222 18.72565000297891
703 6.90884220427688 18.72970524063021
704 6.910193974846152 18.733760467583124
705 6.912897484241512 18.73781570516894
706 6.914249254682545 18.74051920380043
707 6.9156010360129585 18.744574441517216
708 6.916952806453992 18.748629668339163
709 6.91830458772165 18.751333177800007
710 6.918304629904014 18.754036676366013
711 6.9196564111716725 18.758091914017314
712 6.919656453356765 18.76079541258605
713 6.921008234752662 18.763498922172403
714 6.92100827700051 18.766202420803893
715 6.921008319248358 18.768905919435383
716 6.921008372260076 18.770257700640286
717 6.921008414507924 18.772961199271776
718 6.9210084676506085 18.77431298060219
719 6.921008509898456 18.77701647923368
720 6.9210085631038964 18.778368260632305
721 6.919656876964837 18.781071759070073
722 6.919656930170277 18.78242354046597
723 6.918305244227668 18.783775310907004
724 6.9169535690462 18.785127092109178
725 6.916953611294048 18.78647886255021
726 6.915601936243547 18.787830643880625
727 6.914250250300938 18.787830686128473
728 6.912898575250438 18.789182467461615
729 6.9115468893051 18.789182509709462
730 6.908843485998659 18.79053429097712
731 6.9074917999905665 18.790534333162213
732 6.906140124874582 18.79188611442987
733 6.903436710738788 18.79188615667772
734 6.9007333074978305 18.791886209817676
735 6.899381621552493 18.791886252065524
736 6.896678218311536 18.79188630520821
737 6.893974804175741 18.791886347456057
738 6.8912714008693 18.79188640053053
739 6.888567986668022 18.790534714522437
740 6.88586458348982 18.790534767727877
741 6.883161169354025 18.790534809975725
742 6.880457765984829 18.789183134796986
743 6.876402623655849 18.787831448851648
744 6.873699220283925 18.787831501863366
745 6.87099580614813 18.786479815920757
746 6.866940674713987 18.785128140870256
747 6.862885532387736 18.78377645492492
748 6.860182129081295 18.782424779811663
749 6.856126986883282 18.781073093994564
750 6.852071855318172 18.779721418815825
751 6.848016712991921 18.778369732873216
752 6.843961581557778 18.777018057822715
753 6.8399064391005595 18.77566637174914
754 6.835851307666417 18.772962968505453
755 6.831796165340165 18.771611282562844
756 6.827741033971506 18.7702596075751
757 6.823685891579771 18.76755619337655
758 6.818279031889688 18.76485279007011
759 6.814223889560708 18.76350110412477
760 6.810168747168973 18.76079768992622
761 6.804761887607128 18.75809428674802
762 6.799355016959453 18.755390872483986
763 6.79529988552531 18.754039197430757
764 6.789893015008602 18.751335783294962
765 6.784486155381273 18.748632380054005
766 6.780431013055022 18.74592896591821
767 6.775024153493177 18.743225562740008
768 6.769617282780018 18.739170420220034
769 6.764210423218174 18.736467017041832
770 6.758803552701465 18.733763602906038
771 6.753396692945898 18.731060199534113
772 6.747989822426462 18.72700505720786
773 6.742582962799133 18.724301653964176
774 6.737176092282425 18.720246511637924
775 6.731769232526858 18.717543108266
776 6.725010633816964 18.71348796593975
777 6.719603774126881 18.71078456263058
778 6.714196903735683 18.706729420432566
779 6.707438315789659 18.70402601706337
780 6.702031445270222 18.69997087473439
781 6.696624585645623 18.695915743300247
782 6.689865986804762 18.691860600845757
783 6.684459127180162 18.68915719760207
784 6.67770052846754 18.68510205527582
785 6.670941940715238 18.681046923904432
786 6.665535070195801 18.67699178157818
787 6.6587764822497775 18.6729366500158
788 6.652017883539884 18.66888150768682
789 6.6466110239125555 18.664826376252677
790 6.639852425202662 18.660771233926425
791 6.633093837256638 18.656716102364044
792 6.626335238546744 18.652660960035064
793 6.6209283789849 18.64725410047322
794 6.614169780209522 18.643198958081484
795 6.6074111923262535 18.639143826584586
796 6.60065259361636 18.635088684255606
797 6.593894005798575 18.629681824631007
798 6.587135407088681 18.625626682304755
799 6.580376819270896 18.621571550870613
800 6.573618220430035 18.61616468022021
801 6.566859632677733 18.61210954885155
802 6.560101033902356 18.608054406459814
803 6.553342446021816 18.60264754676973
804 6.546583847440161 18.59859240457172
805 6.539825248664783 18.593185533986798
806 6.533066660653276 18.58913040236166
807 6.5249563338784355 18.583723531970463
808 6.518197745932412 18.57966840040808
809 6.511439147222518 18.574261529888645
810 6.504680559404733 18.570206398454502
811 6.497921960694839 18.564799527935065
812 6.491163372748815 18.560744396372684
813 6.483053045845736 18.555337525853247
814 6.4762944580934345 18.549930666291402
815 6.469535859380812 18.54587552396515
816 6.462777271434788 18.540468664209584
817 6.454666944531709 18.535061793690147
818 6.447908356716653 18.531006662256004
819 6.4411497580040304 18.525599791736568
820 6.434391170186245 18.520192932111968
821 6.426280843154927 18.51613778965475
822 6.419522255402626 18.510730930092905
823 6.412763656627249 18.505324059510713
824 6.404653340553523 18.49991719982063
825 6.397894741843629 18.495862057494378
826 6.391136154025844 18.49045519786705
827 6.38437755531595 18.485048327347613
828 6.37626723930498 18.479641467723013
829 6.369508640466847 18.475586325265795
830 6.362750052711817 18.47017946570395
831 6.354639725745983 18.464772595121758
832 6.347881137865443 18.459365735431675
833 6.341122539283788 18.453958865040477
834 6.3330122231445785 18.449903733478095
835 6.326253624434685 18.44449686295866
836 6.319495036485932 18.43909000320309
837 6.311384709585582 18.433683132686383
838 6.304626121767797 18.42962800125224
839 6.297867523057903 18.424221130732803
840 6.291108935174634 18.41881427104272
841 6.2829986082088 18.4134074004578
842 6.27624002045377 18.408000540895955
843 6.269481421743876 18.403945398569704
844 6.262722833797852 18.398538538814137
845 6.254612506894773 18.3931316682947
846 6.247853919076988 18.3877248086701
847 6.241095320367094 18.382317938150663
848 6.234336732614793 18.378262806782004
849 6.2275781339021705 18.372855936262567
850 6.2194678068080975 18.36744906554941
851 6.212709219055796 18.362042205987564
852 6.205950620343174 18.357987063661312
853 6.19919203239715 18.352580203905745
854 6.192433433687256 18.347173333389037
855 6.185674845869471 18.343118201954894
856 6.177564518966392 18.337711331435457
857 6.170805931148607 18.33230447180813
858 6.164047332438713 18.328249329481878
859 6.157288744555444 18.322842469791794
860 6.150530145782795 18.317435599206874
861 6.143771558027765 18.313380467838215
862 6.137012959317872 18.307973597318778
863 6.130254371371848 18.30256673756321
864 6.123495772661954 18.29851159523696
865 6.116737184844169 18.29310473561236
866 6.109978586131547 18.287697865092923
867 6.1032199982510065 18.283642733593297
868 6.097813127666086 18.278235863011105
869 6.091054539785546 18.27418073151148
870 6.084295941203891 18.26877386112028
871 6.077537353257867 18.2647187295579
872 6.070778754545245 18.259311859038462
873 6.064020166599221 18.25525672747608
874 6.058613296079784 18.249849856956644
875 6.051854708261999 18.2457947255225
876 6.045096109552105 18.240387855003064
877 6.038337521799804 18.236332723634405
878 6.032930651280367 18.230925853114968
879 6.026172063334343 18.226870721552586
880 6.020765192814906 18.222815579226335
881 6.014006604997121 18.217408719599007
882 6.007248006158989 18.213353577144517
883 6.00184114653166 18.20794671751719
884 5.995082547821767 18.203891575190937
885 5.989675688259922 18.19983644381955
886 5.982917089484545 18.195781301427814
887 5.977510229794461 18.19037444173773
888 5.972103359275025 18.18631929941148
889 5.965344771457239 18.182264167977337
890 5.959937900940531 18.178209025648357
891 5.953179312991779 18.17280216589552
892 5.94777244247507 18.16874702356654
893 5.942365571955634 18.164691881240287
894 5.936958712328305 18.160636749806145
895 5.930200113618412 18.156581607479893
896 5.924793254056567 18.152526476108505
897 5.919386383343408 18.14847133358853
898 5.913979523784292 18.144416202219873
899 5.908572653264855 18.140361059890893
900 5.903165793509288 18.13630592832851
901 5.897758922989851 18.13225078600226
902 5.8923520633652515 18.128195654568117
903 5.886945192717576 18.1241405121109
904 5.881538333090248 18.120085380676755
905 5.876131462570811 18.116030238350504
906 5.870724602880728 18.111975106850878
907 5.865317732492258 18.107919964652865
908 5.859910872736691 18.103864833090483
909 5.85585573041044 18.099809690761504
910 5.8504488707831115 18.097106287520546
911 5.845042000263675 18.093051145191566
912 5.839635140510836 18.088996013629185
913 5.835579998181856 18.084940871302933
914 5.830173138620012 18.08223746812473
915 5.826117996228277 18.078182325732996
916 5.820711136538193 18.07412719423337
917 5.815304266021485 18.071423780097575
918 5.811249134584614 18.067368648663432
919 5.8058422640679055 18.06331350633718
920 5.801787132502795 18.060610102965256
921 5.797731990176544 18.056554960639005
922 5.7923251306146994 18.053851557460803
923 5.7882699882229645 18.049796415069068
924 5.7842148567260665 18.04574128356944
925 5.7788079863348685 18.043037869561886
926 5.774752854772487 18.038982737999504
927 5.770697712443507 18.03627932386371
928 5.7666425808811255 18.033575920491785
929 5.762587438554874 18.029520778165534
930 5.757180578927546 18.026817374921848
931 5.7531254366012945 18.022762232595596
932 5.749070305101668 18.020058829289155
933 5.745015162709933 18.017355415087877
934 5.740960031341274 18.013300283719218
935 5.736904888884055 18.010596869455185
936 5.732849757449912 18.0078934662115
937 5.728794615123661 18.003838323885248
938 5.726091200987867 18.001134909749453
939 5.722036069553724 17.998431506505767
940 5.717980927227472 17.994376364179516
941 5.713925795662362 17.99167296080759
942 5.709870653336111 17.988969546671797
943 5.707167250157909 17.986266143493594
944 5.703112107831657 17.9835627293578
945 5.699056976266547 17.980859325988604
946 5.696353562133481 17.976804183659624
947 5.69229843069661 17.974100780418667
948 5.689595016563544 17.971397366282872
949 5.685539885129401 17.968693963039186
950 5.6828364708626395 17.965990548775153
951 5.67878133949398 17.96328714559695
952 5.676077925292702 17.9605837313984
953 5.672022793795804 17.95788032808923
954 5.66931937966001 17.955176913956166
955 5.665264248225867 17.95247351071248
956 5.662560834090073 17.949770096576685
957 5.659857430846387 17.947066693333
958 5.657154016713321 17.944363279199933
959 5.653098885213694 17.941659875890764
960 5.650395471012416 17.938956461692214
961 5.647692067705975 17.936253058385773
962 5.6449886536984195 17.933549644378218
963 5.640933522136038 17.930846241006293
964 5.6382301080002435 17.9281428268705
965 5.635526704628319 17.925439423498574
966 5.632823290495253 17.922736009365508
967 5.630119887251567 17.920032606121822
968 5.6274164731157725 17.917329191986028
969 5.6247130698093315 17.915977516870043
970 5.622009655608053 17.913274102671494
971 5.619306252429851 17.91057069949329
972 5.616602838296785 17.907867285357497
973 5.6138994349248605 17.905163881985573
974 5.611196020789066 17.902460467849778
975 5.609844345738566 17.89975706460882
976 5.607140931602771 17.898405378663483
977 5.604437528424569 17.89570197548528
978 5.601734114223291 17.89299856128673
979 5.59903071091685 17.89029515798029
980 5.597679024974241 17.887591743844496
981 5.594975621730555 17.88488834060081
982 5.592272207466522 17.883536654527234
983 5.589568793330727 17.88083324039144
984 5.588217118280227 17.87812983715048
985 5.585513704144432 17.875426423014687
986 5.582810300900746 17.872723019771
987 5.581458614958137 17.870019605637935
988 5.578755211651696 17.86866793052195
989 5.576051797450418 17.865964516320673
990 5.574700122465401 17.86326111314247
991 5.571996708329607 17.860557699006677
992 5.570645033148139 17.85785429563748
993 5.567941619015073 17.856502609692143
994 5.5665899438336055 17.853799206320218
995 5.563886529828778 17.85109579231539
996 5.562534854647311 17.848392388943466
997 5.559831440511516 17.845688974807672
998 5.5584797653982605 17.84298557150123
999 5.555776351390705 17.841633885684132
1000 5.554424676209237 17.838930482314936
1001 5.551721262076171 17.83622706817914
1002 5.550369587022942 17.833523664935456
1003 5.547666172758909 17.830820250671422
1004 5.5463144977084085 17.828116847427737
1005 5.544962811765799 17.82541343329467
1006 5.542259408587597 17.824061758306925
1007 5.54090772264226 17.82135834417113
1008 5.53955604746352 17.818654940799206
1009 5.536852633327726 17.81595152666341
1010 5.535500958277225 17.813248123422454
1011 5.532797544141431 17.81054470928666
1012 5.531445868962692 17.807841305914735
1013 5.530094183017354 17.80513789177894
1014 5.527390779839152 17.80243448860074
1015 5.526039093831059 17.79973107440219
1016 5.524687418715075 17.797027671095748
1017 5.523335732900705 17.794324257088192
1018 5.52063232952878 17.791620853716267
1019 5.519280643586171 17.788917439580473
1020 5.517928968407432 17.78621403620855
1021 5.5152255542716375 17.783510622072754
1022 5.513873879283892 17.78080721889728
1023 5.5125221932757995 17.778103804696002
1024 5.511170518162544 17.77540040138956
1025 5.508467104024021 17.772696987251038
1026 5.507115428845282 17.76999358388457
1027 5.505763742899944 17.767290169746047
1028 5.504412057085574 17.76458675573849
1029 5.501708653713649 17.761883352366567
1030 5.500356967773769 17.7591799382335
1031 5.49900529272054 17.756476534992544
1032 5.497653606649692 17.75377312072851
1033 5.4949502034032776 17.751069717482096
1034 5.493598517463397 17.747014575155845
1035 5.492246842475652 17.74431117198037
1036 5.490895156530314 17.741607757841848
1037 5.4881917531583895 17.738904354469923
1038 5.486840067218509 17.736200940336857
1039 5.48548839216528 17.732145808902715
1040 5.484136706219942 17.72944239476419
1041 5.481433302848018 17.726738991392267
1042 5.480081616908137 17.7240355772592
1043 5.478729941920392 17.719980445890542
1044 5.477378255909571 17.717277031686535
1045 5.476026580796315 17.714573628380094
1046 5.473323166663249 17.710518486053843
1047 5.47197149161002 17.707815082812886
1048 5.470619805664683 17.705111668674363
1049 5.469268130616911 17.70105653724022
1050 5.466564716352877 17.698353122976187
1051 5.465213041365132 17.695649719800713
1052 5.463861355354311 17.691594577408978
1053 5.462509680241055 17.688891174102537
1054 5.4598062662335 17.684836031901796
1055 5.45845459105476 17.68213262852987
1056 5.457102905109423 17.67807748620362
1057 5.455751229930684 17.675374082831695
1058 5.453047815797618 17.67267066869863
1059 5.451696140744389 17.668615537264486
1060 5.450344454799051 17.665912123125963
1061 5.4489927796857955 17.661856991631794
1062 5.446289365487246 17.659153577427787
1063 5.444937690499501 17.655098446059128
1064 5.443586004428653 17.65104330360191
1065 5.442234329375424 17.648339900360952
1066 5.439530915242358 17.6442847580347
1067 5.438179240189129 17.641581354788286
1068 5.436827554243791 17.637526212462035
1069 5.435475879261503 17.633471081093376
1070 5.432772464931986 17.63076766676386
1071 5.431420789944241 17.6267125353952
1072 5.430069103998903 17.624009121262134
1073 5.428717417993539 17.6199539788704
1074 5.426014014687098 17.615898847370772
1075 5.424662328741761 17.61319543323225
1076 5.423310653688532 17.609140301798107
1077 5.421958967748651 17.605085159471855
1078 5.419255564502237 17.602381756230898
1079 5.417903878431389 17.59832661377368
1080 5.4165522034436435 17.59427148240502
1081 5.415200517438279 17.590216340013285
1082 5.412497114126381 17.587512936706844
1083 5.411145428312011 17.583457794506103
1084 5.409793753133272 17.57940266294645
1085 5.408442067187934 17.57534752061474
1086 5.405738663821467 17.572644117242817
1087 5.404386978001639 17.568588975047533
1088 5.4030353028229 17.564533843482423
1089 5.40168361688302 17.56047870115617
1090 5.398980213571122 17.55777529784973
1091 5.397628527565757 17.553720155457995
1092 5.396276852578012 17.549665024089336
1093 5.3949251666326745 17.545609881763085
1094 5.393573491453935 17.541554750197974
1095 5.390870077320869 17.53885133606491
1096 5.38951840226764 17.534796204630766
1097 5.38816671632776 17.530741062299057
1098 5.386815041340014 17.526685930930398
1099 5.385463355394677 17.523982516797332
1100 5.384111680215938 17.519927385232222
1101 5.381408266077415 17.51587224290597
1102 5.380056591029643 17.511817111471828
1103 5.378704904958795 17.50776196901461
1104 5.377353229905566 17.505058565773652
1105 5.3760015439602284 17.5010034234474
1106 5.374649868972483 17.496948292073284
1107 5.373298182967119 17.49289314968155
1108 5.371946507853863 17.49018974637511
1109 5.370594821908526 17.486134604048857
1110 5.369243146855297 17.482079472614714
1111 5.367891460915416 17.478024330288463
1112 5.365188057543492 17.475320926916538
1113 5.363836371598154 17.471265784590287
1114 5.363836424803594 17.467210653221628
1115 5.362484738792773 17.463155510829893
1116 5.361133052852892 17.46045209669137
1117 5.35978137773418 17.456396965191743
1118 5.358429691728816 17.45234182280001
1119 5.357078016610103 17.449638419493567
1120 5.355726330795733 17.445583277298283
1121 5.3543746556169936 17.441528145733173
1122 5.353022969671656 17.438824731600107
1123 5.351671294492917 17.434769600034997
1124 5.351671336740765 17.43206618590193
1125 5.350319661692993 17.428011054467788
1126 5.348967975747655 17.425307640329265
1127 5.3476163006343995 17.42125250882964
1128 5.347616343007758 17.418549094822083
1129 5.346264667829018 17.41449396326243
1130 5.344912981883681 17.411790549123907
1131 5.344913035023637 17.407735417689764
1132 5.34356134895279 17.40503200342573
1133 5.343561402092746 17.40097687199159
1134 5.3422097161474085 17.398273457858522
1135 5.3422097693528485 17.39557005467759
1136 5.340858083347484 17.391514912285857
1137 5.340858136421957 17.388811508979416
1138 5.339506450482077 17.38610809484635
1139 5.339506503622033 17.382052963412207
1140 5.3381548176766955 17.379349549273684
1141 5.338154870691142 17.37664614590176
1142 5.33815491293899 17.373942731768693
1143 5.33815496614443 17.371239328587762
1144 5.3368032801336085 17.368535914389213
1145 5.336803333208081 17.365832511082772
1146 5.336803375586896 17.363129097075216
1147 5.336803428595886 17.36042569370329
1148 5.3368034708437335 17.357722279570226
1149 5.33680352385818 17.3550188761983
1150 5.336803566106028 17.352315462065235
1151 5.336803619245984 17.34961205881882
1152 5.336803661493832 17.346908644685755
1153 5.336803714573762 17.345556969567042
1154 5.338155484943854 17.342853555368492
1155 5.338155538149294 17.34015015219302
1156 5.338155580271632 17.338798466116714
1157 5.3381556334115885 17.336095062875756
1158 5.339507403852622 17.33474337693042
1159 5.339507456992578 17.33203997368946
1160 5.3408592274336115 17.330688287744124
1161 5.340859269681459 17.327984873611058
1162 5.342211050883634 17.32663319843232
1163 5.343562821324667 17.32528151248698
1164 5.343562874530107 17.322578109311507
1165 5.344914644965684 17.32122642336617
1166 5.346266426173315 17.31987474818743
1167 5.347618196608892 17.318523062242093
1168 5.348969977942033 17.317171387188864
1169 5.350321748383067 17.315819701248984
1170 5.351673529585241 17.314468026064787
1171 5.353025300026275 17.313116340124907
1172 5.3543770814249 17.313116393330347
1173 5.35572885180045 17.311764707319526
1174 5.358432361255836 17.31041303220627
1175 5.359784131827837 17.31041307457963
1176 5.361135913030012 17.30906139940089
1177 5.363839411658773 17.309061441648737
1178 5.365191192991915 17.307709766600965
1179 5.367894691495167 17.307709808717846
1180 5.3705982010869775 17.307709861923286
1181 5.371949971462527 17.30770990410565
1182 5.374653480917914 17.306358228992394
1183 5.377356979486649 17.30635827117476
1184 5.380060489073003 17.3063583243802
1185 5.382763987576254 17.307710094690265
1186 5.3854674971025815 17.30771014783022
1187 5.389522723924529 17.30771019007807
1188 5.392226233450856 17.307710243218025
1189 5.394929732079618 17.30906201365906
1190 5.398984969859157 17.3090620668645
1191 5.401688468296925 17.31041383710908
1192 5.405743706076464 17.31041389031452
1193 5.408447204710683 17.311765660755555
1194 5.412502442299228 17.31311744195773
1195 5.416557669121175 17.314469212398762
1196 5.420612906835231 17.315820993731904
1197 5.424668133657178 17.317172764172938
1198 5.428723371436718 17.318524545566106
1199 5.432778598198638 17.319876315941656
1200 5.43683383584721 17.3225798254025
1201 5.440889062674614 17.323931595843533
1202 5.446296028581855 17.325283377176675
1203 5.450351255272835 17.327986875679926
1204 5.455758221180076 17.330690385200796
1205 5.461165176195209 17.33204215564183
1206 5.465220403017156 17.33474565427059
1207 5.470627368924397 17.33744916379692
1208 5.47603432393953 17.34015266242568
1209 5.481441289786744 17.342856171886524
1210 5.486848244736393 17.346911398648444
1211 5.492255210578151 17.34961490810383
1212 5.499013893911979 17.352318406869017
1213 5.50442085969371 17.356373644452106
1214 5.511179542896571 17.360428871274053
1215 5.5165865086783015 17.363132380669413
1216 5.5233451918811625 17.367187607496817
1217 5.528752157788404 17.371242845210872
1218 5.5355108409967215 17.37529807203282
1219 5.542269535031664 17.37935330968685
1220 5.549028218174499 17.383408536443312
1221 5.555786912334952 17.388815502416037
1222 5.56254559554327 17.392870729237984
1223 5.570656017705915 17.398277695019715
1224 5.5774147009142325 17.402332921841662
1225 5.5855251232023875 17.407739887748903
1226 5.592283806410705 17.413146842764036
1227 5.600394228764344 17.41855380873676
1228 5.60850464016039 17.423960763751893
1229 5.615263334135307 17.429367729528167
1230 5.623373745531353 17.4347746845433
1231 5.631484167824965 17.441533378643726
1232 5.639594579090044 17.44694033352789
1233 5.6490567295768415 17.453699027628318
1234 5.657167140972888 17.45910598264345
1235 5.665277563326526 17.465864676803903
1236 5.674739702855732 17.472623359946738
1237 5.682850125078403 17.47938205398168
1238 5.692312264667635 17.48614073719
1239 5.701774415154432 17.492899431284968
1240 5.7098848265504785 17.50100984268647
1241 5.7193469769063086 17.50776853665593
1242 5.72880911649554 17.51452721986425
1243 5.738271267042364 17.522637642217887
1244 5.7477334065661125 17.530748053553907
1245 5.758547285175155 17.53750674758885
1246 5.768009424698903 17.545617158919413
1247 5.777471575120217 17.55372758114754
1248 5.788285442902634 17.561837992543587
1249 5.797747593383974 17.5699484148372
1250 5.808561461166391 17.57941055442643
1251 5.818023600755623 17.587520965822478
1252 5.828837479430149 17.59563138811609
1253 5.839651347081599 17.605093527574354
1254 5.850465225756125 17.614555678055694
1255 5.861279093538542 17.622666089457198
1256 5.872092972278551 17.632128240004022
1257 5.882906840055512 17.641590379593254
1258 5.893720718604527 17.651052529949084
1259 5.904534586386944 17.660514669538316
1260 5.91534846506147 17.669976820019656
1261 5.9275140609006485 17.67943895947792
1262 5.938327939575174 17.690252838152446
1263 5.950493535550777 17.699714977741678
1264 5.961307414290786 17.710528856481687
1265 5.97212128200772 17.719990996005436
1266 5.984286888809947 17.730804874619935
1267 5.996452484780093 17.740267014209167
1268 6.007266363454619 17.751080892883692
1269 6.0194319594302215 17.761894760660653
1270 6.031597566166965 17.772708639209668
1271 6.042411433949383 17.783522506992085
1272 6.0545770408771205 17.794336385726638
1273 6.0667426367872395 17.80515025344357
1274 6.078908243589467 17.81596413205807
1275 6.09107383969058 17.826777999965998
1276 6.103239446296357 17.837591878384046
1277 6.114053314078774 17.848405746166463
1278 6.126218920946485 17.860571353028718
1279 6.138384516916631 17.871385220811135
1280 6.150550123784342 17.88219909948566
1281 6.1627157197599445 17.894364695461263
1282 6.174881326562172 17.905178574070305
1283 6.187046922466834 17.917344169980424
1284 6.199212529400029 17.928158048714977
1285 6.211378125244664 17.940323644559612
1286 6.2235437321069185 17.951137523234138
1287 6.235709328082521 17.96330311920974
1288 6.247874934950232 17.974116997884266
1289 6.260040530920378 17.986282593854412
1290 6.270854409660387 17.998448200787607
1291 6.283020005439539 18.009262068373573
1292 6.295185612372734 18.021427675306768
1293 6.3073512083428795 18.033593271276914
1294 6.3195168150796235 18.04440714982593
1295 6.331682411055226 18.056572745796075
1296 6.342496278837643 18.068738341771677
1297 6.3546618856998975 18.079552220446203
1298 6.3668274816755 18.09171781641635
1299 6.377641360350026 18.10388342328406
1300 6.389806956194661 18.11469729093551
1301 6.400620834929214 18.126862897868705
1302 6.412786430839333 18.139028493773367
1303 6.423600309448375 18.14984237238241
1304 6.435765905554945 18.16200796848898
1305 6.446579784098503 18.172821847032537
1306 6.4573936518809205 18.18498744300814
1307 6.468207530424479 18.1958013215517
1308 6.480373126400082 18.207966917521844
1309 6.491187005074607 18.21878079619637
1310 6.502000872851568 18.230946392171973
1311 6.512814751466067 18.241760270781015
1312 6.522276890989815 18.25257413849795
1313 6.533090769729824 18.264739745431143
1314 6.543904637381274 18.275553613082593
1315 6.553366787862615 18.28636749175712
1316 6.564180655645032 18.297181359539536
1317 6.574994534319558 18.307995238214062
1318 6.5844566739087895 18.318809105991022
1319 6.5939188244556135 18.32962298473103
1320 6.603380963853851 18.340436852322455
1321 6.612843114400675 18.351250731057007
1322 6.623656982183093 18.36071287064624
1323 6.63176740434028 18.371526749195255
1324 6.641229543934969 18.38234061697767
1325 6.6506916944163095 18.391802767459012
1326 6.660153834005541 18.40261663524143
1327 6.66826425635918 18.412078785788253
1328 6.677726395882928 18.421540925312
1329 6.685836818111056 18.432354803921044
1330 6.69394722951256 18.441816943510275
1331 6.702057651800715 18.451279093991616
1332 6.710168063071251 18.460741233455337
1333 6.718278485359406 18.470203383936678
1334 6.726388896760909 18.47831379533818
1335 6.734499318923554 18.487775945688554
1336 6.741258002257382 18.497238085408753
1337 6.74936842448551 18.50534850763688
1338 6.756127107688371 18.514810647226113
1339 6.762885801657831 18.522921069388758
1340 6.770996213059334 18.531031480784804
1341 6.777754896202168 18.540493620308553
1342 6.783161862169436 18.548604042667648
1343 6.789920545377754 18.556714454063695
1344 6.796679239347213 18.56482487622634
1345 6.803437922555531 18.5715835594292
1346 6.808844888462772 18.579693981722812
1347 6.814251843477905 18.58780439311886
1348 6.81965880945063 18.59456308728477
1349 6.826417492653491 18.602673498680815
1350 6.8318244584352215 18.609432192650274
1351 6.835879685257169 18.616190875858592
1352 6.8412866510334425 18.62294956982805
1353 6.846693606048575 18.62970825303637
1354 6.850748843768088 18.636466947136796
1355 6.85615579878322 18.643225630339657
1356 6.8602110365627595 18.648632596312382
1357 6.864266263319223 18.655391279455216
1358 6.868321500973252 18.660798245296974
1359 6.872376727795199 18.66755692850529
1360 6.876431965509255 18.672963894412533
1361 6.880487192205692 18.678370849296698
1362 6.883190701726562 18.68377781520394
1363 6.887245928553966 18.68918477021907
1364 6.88994943814032 18.694591736191796
1365 6.892652936709055 18.699998691141445
1366 6.895356446164442 18.704053928795474
1367 6.898059944798661 18.709460883810607
1368 6.900763454194021 18.713516121393695
1369 6.90346695295375 18.718923076539795
1370 6.90617046234911 18.72297831412834
1371 6.907522232790143 18.727033540950288
1372 6.908874014123285 18.731088778664343
1373 6.911577512621079 18.73514400536078
1374 6.912929294019705 18.73919924314032
1375 6.914281064395254 18.741902741709055
1376 6.915632845662913 18.745957979357627
1377 6.916984616103946 18.748661477991845
1378 6.918336397437088 18.7527167157059
1379 6.918336439684936 18.755420214334663
1380 6.9196882210180775 18.75812372386099
1381 6.919688263265925 18.760827222489752
1382 6.921040044533584 18.763530731950596
1383 6.921040086715948 18.76623423051933
1384 6.921040139921388 18.768937740105684
1385 6.921040182169236 18.771641238739903
1386 6.921040224417084 18.77299300917548
1387 6.921040277426073 18.77569651857084
1388 6.921040319673921 18.777048289011873
1389 6.919688644626149 18.7797517985382
1390 6.919688686873997 18.781103568979233
1391 6.918337011695257 18.782455350181408
1392 6.918337053943105 18.78380712062244
1393 6.91698537895536 18.78515890201561
1394 6.915633692944539 18.78651067239116
1395 6.914282017831283 18.787862453658818
1396 6.912930332016913 18.787862496037633
1397 6.911578656838174 18.789214277239807
1398 6.910226970892836 18.79056604768084
1399 6.908875295714097 18.79056610068983
